-1 1
-0.9921875 0.999397728102586
-0.984375 0.997592363336098
-0.9765625 0.994588254982391
-0.96875 0.990392640201615
-0.9609375 0.985015626597272
-0.953125 0.978470167866104
-0.9453125 0.97077203259151
-0.9375 0.961939766255643
-0.9296875 0.951994646561722
-0.921875 0.940960632174177
-0.9140625 0.928864305000136
-0.90625 0.915734806151273
-0.8984375 0.901603765740322
-0.890625 0.886505226681368
-0.8828125 0.87047556267748
-0.875 0.853553390593274
-0.8671875 0.835779477423509
-0.859375 0.817196642081823
-0.8515625 0.797849652246217
-0.84375 0.777785116509801
-0.8359375 0.757051372096611
-0.828125 0.735698368412999
-0.8203125 0.713777546715141
-0.8125 0.691341716182545
-0.8046875 0.66844492669611
-0.796875 0.645142338627231
-0.7890625 0.621490089951632
-0.78125 0.597545161008064
-0.7734375 0.573365237227681
-0.765625 0.54900857016478
-0.7578125 0.524533837163709
-0.75 0.5
-0.7421875 0.475466162836291
-0.734375 0.45099142983522
-0.7265625 0.426634762772319
-0.71875 0.402454838991936
-0.7109375 0.378509910048368
-0.703125 0.354857661372769
-0.6953125 0.33155507330389
-0.6875 0.308658283817455
-0.6796875 0.286222453284859
-0.671875 0.264301631587001
-0.6640625 0.242948627903389
-0.65625 0.222214883490199
-0.6484375 0.202150347753783
-0.640625 0.182803357918177
-0.6328125 0.164220522576491
-0.625 0.146446609406726
-0.6171875 0.129524437322521
-0.609375 0.113494773318632
-0.6015625 0.0983962342596776
-0.59375 0.0842651938487273
-0.5859375 0.071135694999864
-0.578125 0.0590393678258225
-0.5703125 0.0480053534382783
-0.5625 0.0380602337443566
-0.5546875 0.0292279674084897
-0.546875 0.0215298321338956
-0.5390625 0.014984373402728
-0.53125 0.00960735979838478
-0.5234375 0.00541174501760949
-0.515625 0.00240763666390159
-0.5078125 0.000602271897413797
-0.5 0
-0.4921875 0.000602271897413797
-0.484375 0.00240763666390154
-0.4765625 0.00541174501760949
-0.46875 0.00960735979838478
-0.4609375 0.014984373402728
-0.453125 0.0215298321338955
-0.4453125 0.0292279674084896
-0.4375 0.0380602337443566
-0.4296875 0.0480053534382783
-0.421875 0.0590393678258225
-0.4140625 0.0711356949998639
-0.40625 0.0842651938487273
-0.3984375 0.0983962342596775
-0.390625 0.113494773318631
-0.3828125 0.12952443732252
-0.375 0.146446609406726
-0.3671875 0.164220522576491
-0.359375 0.182803357918177
-0.3515625 0.202150347753783
-0.34375 0.222214883490199
-0.3359375 0.242948627903389
-0.328125 0.264301631587001
-0.3203125 0.286222453284859
-0.3125 0.308658283817455
-0.3046875 0.33155507330389
-0.296875 0.354857661372769
-0.2890625 0.378509910048368
-0.28125 0.402454838991936
-0.2734375 0.426634762772319
-0.265625 0.45099142983522
-0.2578125 0.475466162836291
-0.25 0.5
-0.2421875 0.524533837163709
-0.234375 0.54900857016478
-0.2265625 0.573365237227681
-0.21875 0.597545161008064
-0.2109375 0.621490089951632
-0.203125 0.645142338627231
-0.1953125 0.66844492669611
-0.1875 0.691341716182545
-0.1796875 0.713777546715141
-0.171875 0.735698368412999
-0.1640625 0.757051372096611
-0.15625 0.777785116509801
-0.1484375 0.797849652246216
-0.140625 0.817196642081823
-0.1328125 0.835779477423509
-0.125 0.853553390593274
-0.1171875 0.870475562677479
-0.109375 0.886505226681368
-0.1015625 0.901603765740323
-0.09375 0.915734806151273
-0.0859375 0.928864305000136
-0.078125 0.940960632174177
-0.0703125 0.951994646561722
-0.0625 0.961939766255643
-0.0546875 0.97077203259151
-0.046875 0.978470167866104
-0.0390625 0.985015626597272
-0.03125 0.990392640201615
-0.0234375 0.99458825498239
-0.015625 0.997592363336098
-0.0078125 0.999397728102586
0 1
0.0078125 0.999397728102586
0.015625 0.997592363336098
0.0234375 0.99458825498239
0.03125 0.990392640201615
0.0390625 0.985015626597272
0.046875 0.978470167866105
0.0546875 0.97077203259151
0.0625 0.961939766255643
0.0703125 0.951994646561722
0.078125 0.940960632174177
0.0859375 0.928864305000136
0.09375 0.915734806151273
0.1015625 0.901603765740323
0.109375 0.886505226681368
0.1171875 0.87047556267748
0.125 0.853553390593274
0.1328125 0.835779477423509
0.140625 0.817196642081823
0.1484375 0.797849652246217
0.15625 0.777785116509801
0.1640625 0.757051372096611
0.171875 0.735698368412999
0.1796875 0.713777546715141
0.1875 0.691341716182545
0.1953125 0.66844492669611
0.203125 0.645142338627231
0.2109375 0.621490089951632
0.21875 0.597545161008064
0.2265625 0.573365237227681
0.234375 0.54900857016478
0.2421875 0.524533837163709
0.25 0.5
0.2578125 0.475466162836291
0.265625 0.45099142983522
0.2734375 0.42663476277232
0.28125 0.402454838991936
0.2890625 0.378509910048369
0.296875 0.354857661372769
0.3046875 0.33155507330389
0.3125 0.308658283817455
0.3203125 0.286222453284859
0.328125 0.264301631587001
0.3359375 0.242948627903389
0.34375 0.222214883490199
0.3515625 0.202150347753784
0.359375 0.182803357918178
0.3671875 0.164220522576491
0.375 0.146446609406727
0.3828125 0.12952443732252
0.390625 0.113494773318631
0.3984375 0.0983962342596775
0.40625 0.0842651938487274
0.4140625 0.0711356949998641
0.421875 0.0590393678258226
0.4296875 0.0480053534382784
0.4375 0.0380602337443568
0.4453125 0.0292279674084898
0.453125 0.0215298321338958
0.4609375 0.014984373402728
0.46875 0.00960735979838473
0.4765625 0.00541174501760949
0.484375 0.00240763666390154
0.4921875 0.000602271897413797
0.5 0
0.5078125 0.000602271897413797
0.515625 0.00240763666390154
0.5234375 0.00541174501760944
0.53125 0.00960735979838467
0.5390625 0.0149843734027278
0.546875 0.0215298321338956
0.5546875 0.0292279674084897
0.5625 0.0380602337443566
0.5703125 0.0480053534382783
0.578125 0.0590393678258224
0.5859375 0.0711356949998638
0.59375 0.0842651938487272
0.6015625 0.0983962342596773
0.609375 0.113494773318631
0.6171875 0.12952443732252
0.625 0.146446609406726
0.6328125 0.164220522576491
0.640625 0.182803357918177
0.6484375 0.202150347753783
0.65625 0.222214883490199
0.6640625 0.242948627903389
0.671875 0.264301631587001
0.6796875 0.286222453284859
0.6875 0.308658283817455
0.6953125 0.33155507330389
0.703125 0.354857661372768
0.7109375 0.378509910048368
0.71875 0.402454838991936
0.7265625 0.426634762772319
0.734375 0.45099142983522
0.7421875 0.475466162836291
0.75 0.5
0.7578125 0.524533837163709
0.765625 0.54900857016478
0.7734375 0.57336523722768
0.78125 0.597545161008064
0.7890625 0.621490089951631
0.796875 0.645142338627231
0.8046875 0.66844492669611
0.8125 0.691341716182545
0.8203125 0.713777546715141
0.828125 0.735698368412999
0.8359375 0.757051372096611
0.84375 0.777785116509801
0.8515625 0.797849652246216
0.859375 0.817196642081822
0.8671875 0.835779477423509
0.875 0.853553390593273
0.8828125 0.87047556267748
0.890625 0.886505226681368
0.8984375 0.901603765740322
0.90625 0.915734806151273
0.9140625 0.928864305000136
0.921875 0.940960632174177
0.9296875 0.951994646561722
0.9375 0.961939766255643
0.9453125 0.97077203259151
0.953125 0.978470167866104
0.9609375 0.985015626597272
0.96875 0.990392640201615
0.9765625 0.994588254982391
0.984375 0.997592363336098
0.9921875 0.999397728102586
1 1
